parameters = [   0   25    0 1.225      8.44
                25   30   25 3.899e-2   6.49
                30   35   30 1.774e-2   6.75
                35   40   35 8.279e-3   7.07
                40   45   40 3.972e-3   7.47
                45   50   45 1.995e-3   7.83
                50   55   50 1.057e-3   7.95
                55   60   55 5.821e-4   7.73
                60   65   60 3.206e-4   7.29
                65   70   65 1.718e-4   6.81
                70   75   70 8.770e-5   6.33
                75   80   75 4.178e-5   6.00
                80   85   80 1.905e-5   5.70
                85   90   85 8.337e-6   5.41
                90   95   90 3.396e-6   5.38
                95  100   95 1.343e-6   5.74
               100  110  100 5.297e-7   6.15
               110  120  110 9.661e-8   8.06
               120  130  120 2.438e-8   11.6
               130  140  130 8.484e-9   16.1
               140  150  140 3.845e-9   20.6
               150  160  150 2.070e-9   24.6
               160  180  160 1.224e-9   26.3
               180  200  180 5.464e-10  33.2
               200  250  200 2.789e-10  38.5
               250  300  250 7.248e-11  46.9
               300  350  300 2.418e-11  52.5
               350  400  350 9.158e-12  56.4
               400  450  400 3.725e-12  59.4
               450  500  450 1.585e-12  62.2
               500  600  500 6.967e-13  65.8
               600  700  600 1.454e-13  79.0
               700  800  700 3.614e-14 109.0
               800  900  800 1.170e-14 164.0
               900 1000  900 5.245e-15 225.0
              1000 1000 1000 3.019e-15 268.0];
